,a,b,c,d,e,f,g,h,i,j
0,0.0,0.0,0.0,0.0,11594.0,12100.0,11924.0,11352.0,12166.0,0.0
1,1040.0,0.0,0.0,0.0,1117.0,1067.0,1083.0,2165.0,0.0,2165.0
2,9581.0,0.0,0.0,0.0,0.0,1086.0,0.0,1001.0,2121.0,73531.0
3,6381.0,0.0,0.0,0.0,1058.0,1078.0,0.0,0.0,0.0,24306.0
4,5365.0,0.0,0.0,0.0,0.0,1039.0,1084.0,1052.0,2046.0,76191.0
5,4311.0,0.0,0.0,0.0,0.0,1096.0,0.0,0.0,0.0,1076.0
6,3257.0,0.0,0.0,0.0,0.0,1076.0,0.0,1048.0,2067.0,86989.0
7,2126.0,0.0,0.0,0.0,0.0,1038.0,1036.0,1075.0,0.0,11671.0
8,1030.0,0.0,0.0,0.0,0.0,0.0,0.0,1080.0,0.0,37443.0
9,0.0,0.0,0.0,0.0,1043.0,1034.0,1089.0,2099.0,0.0,62623.0
