,a,b,c,d,e,f,g,h,i,j
0,0.0,0.0,0.0,0.0,0.0,0.0,0.0,0.0,0.0,0.0
1,0.0,0.0,0.0,0.0,0.0,0.0,0.0,0.0,0.0,0.0
2,1096.0,0.0,0.0,0.0,1119.0,1136.0,1128.0,1077.0,1109.0,0.0
3,1062.0,1122.0,1144.0,1039.0,1091.0,0.0,0.0,0.0,0.0,0.0
4,12441.0,0.0,1060.0,0.0,2243.0,2201.0,0.0,2156.0,2178.0,1062.0
5,38534.0,2175.0,2253.0,0.0,0.0,0.0,1055.0,0.0,0.0,1090.0
6,12551.0,0.0,2118.0,1113.0,3286.0,3262.0,1045.0,0.0,3254.0,2146.0
7,64617.0,0.0,3329.0,0.0,0.0,0.0,0.0,0.0,1080.0,0.0
8,12199.0,0.0,3222.0,0.0,4416.0,4343.0,2178.0,1048.0,4341.0,3242.0
9,64695.0,0.0,0.0,1043.0,91352.0,0.0,2178.0,37534.0,12375.0,77462.0
