,a,b,c,d,e,f,g,h,i,j
0,92217.0,2253.0,8909.0,3392.0,106988.0,53334.0,53025.0,66329.0,81175.0,6877.0
1,1102.0,0.0,0.0,0.0,1125.0,0.0,0.0,1137.0,0.0,1049.0
2,1127.0,1151.0,1135.0,1155.0,1113.0,0.0,0.0,1146.0,1083.0,1122.0
3,12056.0,0.0,0.0,0.0,0.0,0.0,0.0,0.0,0.0,0.0
4,0.0,0.0,0.0,0.0,0.0,0.0,0.0,0.0,0.0,0.0
5,0.0,0.0,0.0,0.0,0.0,0.0,0.0,0.0,0.0,0.0
6,0.0,0.0,0.0,0.0,0.0,0.0,0.0,0.0,0.0,0.0
7,0.0,0.0,0.0,0.0,0.0,0.0,0.0,0.0,0.0,0.0
8,0.0,0.0,0.0,0.0,0.0,0.0,0.0,0.0,0.0,0.0
9,0.0,0.0,0.0,0.0,0.0,0.0,0.0,0.0,0.0,0.0
