,a,b,c,d,e,f,g,h,i,j
0,8740.0,2857.0,11612.0,4424.0,119173.0,68599.0,67784.0,68478.0,85132.0,8942.0
1,2952.0,0.0,1465.0,1468.0,1454.0,0.0,0.0,0.0,0.0,1406.0
2,1384.0,0.0,0.0,0.0,1474.0,0.0,0.0,1446.0,0.0,1509.0
3,11678.0,1472.0,1472.0,14673.0,1439.0,0.0,0.0,1487.0,1507.0,1560.0
4,4413.0,0.0,0.0,0.0,0.0,0.0,0.0,0.0,0.0,0.0
5,0.0,0.0,0.0,0.0,0.0,0.0,0.0,0.0,0.0,0.0
6,0.0,0.0,0.0,0.0,0.0,0.0,0.0,0.0,0.0,0.0
7,0.0,0.0,0.0,0.0,0.0,0.0,0.0,0.0,0.0,0.0
8,0.0,0.0,0.0,0.0,0.0,0.0,0.0,0.0,0.0,0.0
9,0.0,0.0,0.0,0.0,0.0,0.0,0.0,0.0,0.0,0.0
